0 -1 -1 6 -1 6 -1 -1 -1 -1 -1 6 -1 6 -1 -1 -1 6 -1 -1 -1
-1 0 -1 -1 6 1 6 6 -1 -1 -1 -1 6 6 6 6 6 6 6 6 6
-1 -1 0 -1 -1 -1 -1 6 -1 -1 -1 -1 -1 -1 -1 6 -1 -1 -1 -1 -1
4 3 6 0 6 -1 -1 -1 6 6 6 -1 12 -1 -1 -1 -1 -1 -1 6 -1
-1 -1 6 6 0 -1 6 -1 -1 6 -1 6 -1 -1 6 -1 -1 -1 6 6 -1
6 -1 -1 -1 -1 0 -1 -1 6 -1 6 -1 -1 -1 -1 -1 6 6 -1 -1 6
-1 -1 -1 6 -1 6 0 -1 -1 -1 -1 6 -1 6 -1 -1 -1 6 -1 -1 -1
-1 6 -1 -1 6 9 6 0 -1 -1 -1 -1 6 6 6 6 6 6 6 6 6
-1 -1 -1 -1 -1 -1 -1 6 0 -1 -1 -1 -1 -1 -1 6 -1 -1 -1 -1 -1
6 6 6 -1 6 -1 -1 -1 6 0 8 -1 6 -1 -1 -1 -1 -1 -1 6 -1
-1 -1 7 6 -1 -1 6 -1 -1 8 0 6 -1 -1 6 -1 -1 -1 6 6 -1
6 5 -1 -1 -1 -1 -1 -1 4 -1 6 0 -1 -1 -1 -1 6 6 -1 -1 6
-1 -1 6 6 -1 -1 6 -1 -1 6 -1 6 0 -1 6 -1 -1 -1 8 6 -1
6 6 -1 -1 -1 -1 -1 -1 6 -1 6 -1 -1 0 -1 -1 6 6 -1 -1 6
-1 -1 -1 6 -1 6 -1 -1 -1 -1 -1 6 -1 6 0 -1 -1 6 -1 -1 -1
-1 7 -1 -1 7 6 6 6 -1 -1 -1 -1 6 6 6 0 6 6 6 6 6
-1 -1 -1 -1 -1 -1 -1 6 -1 -1 -1 -1 -1 -1 -1 6 0 -1 -1 -1 12
6 -1 6 -1 6 -1 -1 -1 6 6 6 -1 6 -1 -1 -1 -1 0 -1 6 -1
-1 -1 6 6 -1 -1 6 -1 -1 6 -1 6 -1 -1 6 -1 -1 -1 0 6 -1
6 6 -1 -1 -1 -1 -1 -1 6 -1 6 -1 -1 -1 -1 -1 6 6 -1 0 6
6 6 -1 -1 -1 -1 -1 -1 6 -1 6 -1 -1 -1 -1 -1 6 6 -1 8 0